timestamp;AssetsCurrent;LiabilitiesCurrent;InventoryNet;SalesRevenueNet;Revenues;CostOfGoodsAndServicesSold;CostsAndExpenses;NetIncomeLoss;StockholdersEquity
2008-12-31;20843000000;21780000000;5095000000;;;;;;55165000000
2009-06-30;23074000000;23089000000;6181000000;66189000000.0;67910000000.0;;;2138000000.0;58929000000
2009-09-30;22253000000;24656000000;6268000000;106362000000.0;63730125000.0;;;3641000000.0;61510000000
2009-12-31;21167000000;23695000000;4940000000;75591500000.0;59550250000.0;;;2869500000.0;62023000000
2010-03-31;23593000000;26605000000;7300000000;44821000000.0;55370375000.0;;;2098000000.0;62837000000
2010-06-30;26666000000;25668000000;7119000000;90507000000.0;51190500000.0;;;6262000000.0;65371000000
2010-09-30;35317000000;25421000000;7741000000;137715000000.0;47010625000.0;;;9317000000.0;69361000000
2010-12-31;34660000000;27419000000;5197000000;97122500000.0;42830750000.0;;;6172500000.0;68562000000
2011-03-31;35613000000;29218000000;7944000000;56530000000.0;38650875000.0;;;3028000000.0;69972000000
2011-06-30;34678000000;29344000000;6986000000;32956000000.0;34471000000.0;;25216000000.0;6430000000.0;70059000000
2011-09-30;32391000000;28936000000;7164000000;49462000000.0;51166000000.0;;38306000000.0;9046000000.0;65806000000
2011-12-31;30218000000;28068000000;4631000000;32027500000.0;33624500000.0;;25062000000.0;5991500000.0;65224000000
2012-03-31;37066000000;36430000000;6072000000;14593000000.0;16083000000.0;;11818000000.0;2937000000.0;66534000000
2012-06-30;16912000000;18360000000;1178000000;28257000000.0;31636000000.0;;22715000000.0;5204000000.0;45971000000
2012-09-30;15781000000;17383000000;1176000000;42398000000.0;46725000000.0;;33837000000.0;7002000000.0;47406000000
2012-12-31;23989000000;17443000000;965000000;28282000000.0;30688000000.0;;22350500000.0;4570500000.0;47987000000
2013-03-31;24235000000;18315000000;1133000000;14166000000.0;14651000000.0;;10864000000.0;2139000000.0;48803000000
2013-06-30;22602000000;16715000000;1134000000;27516000000.0;28793000000.0;;21310000000.0;4189000000.0;48508000000
2013-09-30;22557000000;16335000000;1268000000;41159000000.0;44263000000.0;;32375000000.0;6669000000.0;51113000000
2013-12-31;19023000000;15129000000;1194000000;28287000000.0;30155500000.0;;22362500000.0;4396000000.0;52090000000
2014-03-31;20400000000;17117000000;1221000000;15415000000.0;16048000000.0;;12350000000.0;2123000000.0;53222000000
2014-06-30;18836000000;16191000000;1291000000;29236000000.0;30749000000.0;;23591000000.0;4204000000.0;55315000000
2014-09-30;16253000000;14141000000;1330000000;41316000000.0;43666000000.0;;33955000000.0;6908000000.0;55274000000
2014-12-31;15068000000;11537000000;1331000000;24516000000.0;25834000000.0;;21156500000.0;3590000000.0;51911000000
2015-03-31;10840000000;9563000000;1233000000;7716000000.0;8002000000.0;;8358000000.0;272000000.0;48652000000
2015-06-30;11944000000;8734000000;1277000000;16009000000.0;16662000000.0;;17109000000.0;93000000.0;48620000000
2015-09-30;9664000000;8287000000;1143000000;23271000000.0;24169000000.0;;26357000000.0;-978000000.0;44210000000
2015-12-31;8789000000;9256000000;1124000000;14196000000.0;14592000000.0;;16798000000.0;-1223500000.0;39762000000
2016-03-31;10934000000;8825000000;1072000000;5121000000.0;5015000000.0;;7239000000.0;-1469000000.0;39089000000
2016-06-30;9259000000;7348000000;1150000000;10469000000.0;10590000000.0;;14458000000.0;-2540000000.0;37544000000
2016-09-30;9641000000;7537000000;1108000000;16884000000.0;17106000000.0;;22628000000.0;-3580000000.0;36170000000
2016-12-31;8609000000;6909000000;1018000000;12201000000.0;12438500000.0;;15315500000.0;-1497000000.0;34974000000
2017-03-31;10728000000;7526000000;1097000000;7518000000.0;7771000000.0;;8003000000.0;586000000.0;35353000000
2017-06-30;19879000000;9926000000;1019000000;14299000000.0;16653000000.0;;21246000000.0;-2854000000.0;30286000000
2017-09-30;16954000000;7131000000;1023000000;20987000000.0;23848000000.0;9040000000.0;27788000000.0;-2434000000.0;30500000000
2017-12-31;16512000000;9397000000;1060000000;20987000000.0;16404500000.0;6377000000.0;27788000000.0;-773000000.0;30607000000
2018-03-31;13187000000;7109000000;1053000000;20987000000.0;8961000000.0;3714000000.0;27788000000.0;888000000.0;30546000000
2018-06-30;11608000000;6638000000;1093000000;20987000000.0;18201000000.0;6778000000.0;27788000000.0;2528000000.0;31042000000
2018-09-30;14723000000;7401000000;1239000000;20987000000.0;28366000000.0;10308000000.0;27788000000.0;4389000000.0;31950000000
2018-12-31;13274000000;7395000000;1007000000;20987000000.0;19211500000.0;6991500000.0;27788000000.0;3111000000.0;31939000000
2019-03-31;13683000000;7370000000;1014000000;20987000000.0;10057000000.0;3675000000.0;27788000000.0;1833000000.0;32859000000
2019-06-30;15800000000;8996000000;1089000000;20987000000.0;18437000000.0;6349000000.0;27788000000.0;3413000000.0;32976000000
2019-09-30;15217000000;5942000000;955000000;20987000000.0;28530000000.0;9059000000.0;27788000000.0;6469000000.0;35146000000
2019-12-31;16913000000;7043000000;1026000000;20987000000.0;16670500000.0;5860000000.0;27788000000.0;2365000000.0;34981000000
2020-03-31;13144000000;6075000000;726000000;20987000000.0;4811000000.0;2661000000.0;27788000000.0;-1739000000.0;31315000000
2020-06-30;11053000000;4105000000;982000000;20987000000.0;8827000000.0;3791000000.0;27788000000.0;-1479000000.0;31493000000
2020-09-30;11059000000;4640000000;1034000000;20987000000.0;13207000000.0;5630000000.0;27788000000.0;-1929000000.0;30783000000
2020-12-31;12066000000;5366000000;1002000000;20987000000.0;11883000000.0;5056500000.0;27788000000.0;-473500000.0;29849000000
2021-03-31;14614000000;7184000000;1098000000;20987000000.0;10559000000.0;4483000000.0;27788000000.0;982000000.0;43155000000
2021-06-30;17172000000;8150000000;1138000000;20987000000.0;20770000000.0;7481000000.0;27788000000.0;3073000000.0;44276000000
2021-09-30;20181000000;10449000000;1043000000;20987000000.0;32386000000.0;11660000000.0;27788000000.0;5452000000.0;44115000000
2021-12-31;16050000000;12021000000;1208000000;20987000000.0;25074000000.0;9205500000.0;27788000000.0;5605500000.0;45406000000
2022-03-31;17586000000;11624000000;1174000000;20987000000.0;17762000000.0;6751000000.0;27788000000.0;5759000000.0;49218000000
2022-06-30;18860000000;12216000000;1234000000;20987000000.0;38923000000.0;15985000000.0;27788000000.0;10904000000.0;50202000000
2022-09-30;20453000000;13997000000;1226000000;20987000000.0;59936000000.0;25236000000.0;27788000000.0;15431000000.0;49079000000
2022-12-31;18749000000;12847000000;1219000000;20987000000.0;37373500000.0;15687000000.0;27788000000.0;9175500000.0;48003000000
2023-03-31;16116000000;11553000000;1258000000;20987000000.0;14811000000.0;6138000000.0;27788000000.0;2920000000.0;47783000000
2023-06-30;13501000000;9548000000;1236000000;20987000000.0;27162000000.0;10754000000.0;27788000000.0;5152000000.0;47531000000
2023-09-30;17181000000;10338000000;1326000000;20987000000.0;41412000000.0;16297000000.0;27788000000.0;7950000000.0;47745000000
2023-12-31;14330000000;10005000000;1398000000;20987000000.0;27630000000.0;10815500000.0;27788000000.0;5250500000.0;49279000000
2024-03-31;13721000000;10163000000;1443000000;20987000000.0;13848000000.0;5334000000.0;27788000000.0;2551000000.0;49325000000
