timestamp;AssetsCurrent;LiabilitiesCurrent;InventoryNet;Revenues;CostOfGoodsAndServicesSold;CostsAndExpenses;NetIncomeLoss;StockholdersEquity
2008-12-31;36470000000;32023000000;6854000000;;;;;87117000000
2009-03-31;34074000000;24893000000;6428000000;36130000000.0;;32957000000.0;1837000000.0;87816000000
2009-06-30;34716000000;25364000000;6484000000;76335000000.0;;69816000000.0;3582000000.0;87958000000
2009-09-30;35541000000;25393000000;6323000000;122960000000.0;;110253000000.0;7413000000.0;90646000000
2009-12-31;37216000000;26211000000;5529000000;85569500000.0;;75391000000.0;5982500000.0;91914000000
2010-03-31;40826000000;27566000000;6078000000;48179000000.0;;40529000000.0;4552000000.0;95349000000
2010-06-30;42394000000;26013000000;5911000000;101183000000.0;;84767000000.0;9961000000.0;99569000000
2010-09-30;44483000000;26850000000;6137000000;150901000000.0;;127612000000.0;13729000000.0;102243000000
2010-12-31;48841000000;29012000000;5493000000;105621000000.0;;88415500000.0;9970000000.0;105081000000
2011-03-31;50851000000;33313000000;6232000000;60341000000.0;;49219000000.0;6211000000.0;110100000000
2011-06-30;54006000000;35220000000;7286000000;129289000000.0;;104960000000.0;13943000000.0;115653000000
2011-09-30;53025000000;32338000000;6072000000;193721000000.0;;156052000000.0;21772000000.0;120891000000
2011-12-31;53234000000;33600000000;5543000000;127213000000.0;;102344000000.0;14121500000.0;121382000000
2012-03-31;55222000000;34257000000;7347000000;60705000000.0;;48636000000.0;6471000000.0;125507000000
2012-06-30;56008000000;32656000000;7186000000;123313000000.0;;98889000000.0;13681000000.0;129997000000
2012-09-30;58465000000;35669000000;7995000000;181357000000.0;;147001000000.0;18934000000.0;132941000000
2012-12-31;55720000000;34212000000;6144000000;119087500000.0;;96768000000.0;12556000000.0;136524000000
2013-03-31;54696000000;34685000000;6664000000;56818000000.0;;46535000000.0;6178000000.0;140134000000
2013-06-30;56104000000;33413000000;7423000000;114187000000.0;;95315000000.0;11543000000.0;142841000000
2013-09-30;53503000000;33470000000;6893000000;172690000000.0;;144983000000.0;16493000000.0;144779000000
2013-12-31;50250000000;33018000000;6380000000;112977500000.0;;95160000000.0;10502500000.0;149113000000
2014-03-31;49749000000;35652000000;7472000000;53265000000.0;;45337000000.0;4512000000.0;150661000000
2014-06-30;48920000000;36328000000;7215000000;111203000000.0;;94248000000.0;10177000000.0;153581000000
2014-09-30;47083000000;37088000000;7304000000;165882000000.0;;140064000000.0;15770000000.0;156140000000
2014-12-31;42232000000;31926000000;6505000000;100220000000.0;;85858500000.0;9168500000.0;155028000000
2015-03-31;41270000000;29445000000;6837000000;34558000000.0;;31653000000.0;2567000000.0;155803000000
2015-06-30;40738000000;28268000000;7116000000;74915000000.0;;70647000000.0;3138000000.0;154669000000
2015-09-30;39819000000;30144000000;6864000000;109230000000.0;;102178000000.0;5175000000.0;154912000000
2015-12-31;34430000000;25467000000;6334000000;66391500000.0;;63721000000.0;2225000000.0;152716000000
2016-03-31;31713000000;29162000000;6508000000;23553000000.0;;25264000000.0;-725000000.0;150307000000
2016-06-30;32471000000;24927000000;6427000000;52835000000.0;;56616000000.0;-2195000000.0;147163000000
2016-09-30;28873000000;24744000000;5976000000;82975000000.0;;85647000000.0;-912000000.0;146800000000
2016-12-31;29619000000;31785000000;5419000000;58198000000.0;;57969500000.0;885000000.0;145556000000
2017-03-31;29568000000;28426000000;5921000000;33421000000.0;;30292000000.0;2682000000.0;146592000000
2017-06-30;26626000000;27956000000;6075000000;67901000000.0;35831000000.0;62819000000.0;4132000000.0;146203000000
2017-09-30;29398000000;28223000000;5761000000;104106000000.0;54607000000.0;96366000000.0;6084000000.0;146713000000
2017-12-31;28560000000;27737000000;5585000000;70935000000.0;37920000000.0;64528500000.0;4861000000.0;148124000000
2018-03-31;31726000000;30630000000;6128000000;37764000000.0;21233000000.0;32691000000.0;3638000000.0;150356000000
2018-06-30;34256000000;31862000000;6644000000;80000000000.0;45977000000.0;70022000000.0;7047000000.0;152198000000
2018-09-30;35583000000;29183000000;6029000000;123987000000.0;70658000000.0;108310000000.0;11094000000.0;153575000000
2018-12-31;34021000000;27171000000;5704000000;79593500000.0;45180500000.0;69776500000.0;6871500000.0;154554000000
2019-03-31;33671000000;29951000000;6723000000;35200000000.0;19703000000.0;31243000000.0;2649000000.0;155045000000
2019-06-30;33087000000;28829000000;6809000000;74050000000.0;40538000000.0;64158000000.0;6954000000.0;156395000000
2019-09-30;33988000000;30233000000;5951000000;110166000000.0;60420000000.0;96225000000.0;9534000000.0;155841000000
2019-12-31;28329000000;26530000000;5848000000;70833500000.0;37964500000.0;61790500000.0;6566500000.0;144213000000
2020-03-31;28562000000;28235000000;6574000000;31501000000.0;15509000000.0;27356000000.0;3599000000.0;143930000000
2020-06-30;23732000000;20825000000;5511000000;44995000000.0;23653000000.0;51447000000.0;-4671000000.0;134118000000
2020-09-30;24803000000;19664000000;5681000000;69446000000.0;37101000000.0;75942000000.0;-4878000000.0;131774000000
2020-12-31;26078000000;22183000000;5676000000;50737500000.0;27334500000.0;52897000000.0;-1750500000.0;131688000000
2021-03-31;30433000000;27480000000;5620000000;32029000000.0;17568000000.0;29852000000.0;1377000000.0;131888000000
2021-06-30;32973000000;28147000000;6239000000;69626000000.0;38197000000.0;63027000000.0;4459000000.0;133182000000
2021-09-30;32137000000;25188000000;6129000000;114336000000.0;62031000000.0;99682000000.0;10570000000.0;135862000000
2021-12-31;33738000000;26791000000;6305000000;84354500000.0;47340000000.0;72500500000.0;8414500000.0;139067000000
2022-03-31;44709000000;31203000000;6525000000;54373000000.0;32649000000.0;45319000000.0;6259000000.0;146219000000
2022-06-30;51188000000;39121000000;7715000000;123135000000.0;72652000000.0;98078000000.0;17881000000.0;153554000000
2022-09-30;51503000000;36883000000;9002000000;189779000000.0;110742000000.0;149913000000.0;29112000000.0;158680000000
2022-12-31;50343000000;34208000000;8247000000;120286000000.0;70074500000.0;95593500000.0;17843000000.0;159282000000
2023-03-31;48351000000;33735000000;9232000000;50793000000.0;29407000000.0;41274000000.0;6574000000.0;159449000000
2023-06-30;42790000000;29847000000;9198000000;99689000000.0;58391000000.0;82333000000.0;12584000000.0;158325000000
2023-09-30;41732000000;33263000000;9428000000;153769000000.0;90719000000.0;127675000000.0;19110000000.0;165265000000
2023-12-31;41128000000;32258000000;8612000000;101242500000.0;59230000000.0;84234500000.0;12305500000.0;160957000000
2024-03-31;40508000000;32940000000;9942000000;48716000000.0;27741000000.0;40794000000.0;5501000000.0;160625000000
