timestamp;AssetsCurrent;LiabilitiesCurrent;InventoryNet;Revenues;CostsAndExpenses;OperatingIncomeLoss;NetIncomeLoss;StockholdersEquity
2008-12-31;2108451000;1764916000;;;;;;9014497000.0
2009-06-30;2210276000;1189620000;;2019248000.0;1737818000.0;281430000.0;142004000.0;9259522000.0
2009-09-30;1831689000;1201151000;;3026097000.0;2709364000.0;316733000.0;146200000.0;9504910400.0
2009-12-31;1839541000;1345560000;;2877379000.0;2538811000.0;338568000.0;162043500.0;9750298800.0
2010-06-30;1916143000;1558137000;;2728661000.0;2368258000.0;360403000.0;177887000.0;9995687200.0
2010-09-30;1534445000;1938300000;;4310736000.0;3962028000.0;348708000.0;106981000.0;10241075600.0
2010-12-31;2527446000;2220099000;;3103921000.0;2793341500.0;310579500.0;120477000.0;10486464000.0
2011-03-31;3597603000;2500191000;;1897106000.0;1624655000.0;272451000.0;133973000.0;10731852400.0
2011-06-30;3637950000;2476238000;;4467356000.0;3606652000.0;860704000.0;429547000.0;10977240800.0
2011-09-30;3735362000;2666323000;;7353100000.0;5542366000.0;1810734000.0;970425000.0;11222629200.0
2011-12-31;3253938000;2522319000;;5079875500.0;3894622500.0;1185253000.0;647217000.0;11468017600.0
2012-03-31;3042033000;2772347000;;2806651000.0;2246879000.0;559772000.0;324009000.0;11713406000.0
2012-06-30;2948058000;2679940000;;5715970000.0;4463859000.0;1252111000.0;719787000.0;11958794400.0
2012-09-30;4000162000;2578383000;;8670825000.0;6812967000.0;1857858000.0;1075278000.0;12204182800.0
2012-12-31;3589884000;2924058000;;6013669500.0;4668203500.0;1345466000.0;785001500.0;12449571200.0
2013-03-31;4081018000;3074691000;;3356514000.0;2523440000.0;833074000.0;494725000.0;12694959600.0
2013-06-30;4240840000;3020303000;;7196699000.0;5271581000.0;1925118000.0;1154417000.0;12940348000.0
2013-09-30;4191967000;3347333000;;10738095000.0;8043208000.0;2694887000.0;1616915000.0;13185736400.0
2013-12-31;4072015000;2861716000;;7410883000.0;5521300000.0;1889583000.0;1138921500.0;13431124800.0
2014-03-31;4822476000;3395642000;;4083671000.0;2999392000.0;1084279000.0;660928000.0;13676513200.0
2014-06-30;4724745000;3537487000;;8271227000.0;6042218000.0;2229009000.0;1367281000.0;13921901600.0
2014-09-30;4884716000;3378746000;;13389843000.0;9374672000.0;4015171000.0;2470899000.0;14167290000.0
2014-12-31;5416021000;3384308000;;7854190500.0;5933102500.0;1921088000.0;1150575500.0;14412678400.0
2015-03-31;4793368000;3094752000;;2318538000.0;2491533000.0;-172995000.0;-169748000.0;14658066800.0
2015-06-30;3737718000;2277581000;;4788239000.0;4921608000.0;-133369000.0;-164480000.0;14903455200.0
2015-09-30;2824958000;2046961000;;6960667000.0;13316993000.0;-6356326000.0;-4240219000.0;15148843600.0
2015-12-31;2592244000;1819287000;;4157508000.0;7654741500.0;-3497233500.0;-2355997500.0;15394232000.0
2016-03-31;2365812000;1547972000;;1354349000.0;1992490000.0;-638141000.0;-471776000.0;15639620400.0
2016-06-30;2450121000;1712261000;;3130089000.0;4056403000.0;-926314000.0;-764334000.0;15885008800.0
2016-09-30;2737764000;1732963000;;5248593000.0;6368387000.0;-1119794000.0;-954334000.0;16130397200.0
2016-12-31;3385216000;2027291000;350017000.0;3929579000.0;4435603000.0;-506024000.0;-462908500.0;16375785600.0
2017-03-31;3394076000;2032007000;343107500.0;2610565000.0;2502819000.0;107746000.0;28517000.0;16621174000.0
2017-06-30;3383373000;2722254000;336198000.0;5223037000.0;4987383000.0;235654000.0;51570000.0;16866562400.0
2017-09-30;2763963000;2180024000;344016000.0;7867881000.0;7417391000.0;450490000.0;152111000.0;17111950800.0
2017-12-31;3279108000;2725542000;483865000.0;5774521500.0;5111982500.0;662539000.0;395350000.0;17357339200.0
2018-03-31;3585097000;2836758000;584729000.0;3681162000.0;2806574000.0;874588000.0;638589000.0;17602727600.0
2018-06-30;4231852000;4297301000;670994000.0;7919239000.0;6079720000.0;1839519000.0;1335320000.0;17848116000.0
2018-09-30;4817092000;4425147000;766964000.0;12700863000.0;9354657000.0;3346206000.0;2526272000.0;18093504400.0
2018-12-31;5057390000;3728364000;859359000.0;8379752500.0;6268384500.0;2111368000.0;1580849000.0;18338892800.0
2019-03-31;4907885000;4301268000;860764000.0;4058642000.0;3182112000.0;876530000.0;635426000.0;18584281200.0
2019-06-30;4495521000;4414057000;853128000.0;8756272000.0;6748971000.0;2007301000.0;1483267000.0;18829669600.0
2019-09-30;4819731000;4473713000;778120000.0;13059727000.0;10224467000.0;2835260000.0;2098389000.0;19075058000.0
2019-12-31;5273339000;4486988000;767297000.0;8888709500.0;7442287000.0;1446422500.0;1054101000.0;19320446400.0
2020-03-31;6491049000;4305011000;662398000.0;4717692000.0;4660107000.0;57585000.0;9813000.0;19565834800.0
2020-06-30;4597391000;2154381000;676580000.0;5821066000.0;6850030000.0;-1028964000.0;-899571000.0;19811223200.0
2020-09-30;5095057000;3020042000;668541000.0;8066550000.0;9098228000.0;-1031678000.0;-942038000.0;20056611600.0
2020-12-31;5862000000;3460000000;629000000.0;5880275000.0;5930114000.0;-49839000.0;-132519000.0;20302000000.0
2021-03-31;6191000000;3312000000;562000000.0;3694000000.0;2762000000.0;932000000.0;677000000.0;20591500000.0
2021-06-30;6935000000;4002000000;516000000.0;7833000000.0;5730000000.0;2103000000.0;1584000000.0;20881000000.0
2021-09-30;7349000000;3484000000;521000000.0;12598000000.0;9024000000.0;3574000000.0;2679000000.0;21765000000.0
2021-12-31;8584000000;4042000000;584000000.0;8290500000.0;6230500000.0;2060000000.0;1534500000.0;22180000000.0
2022-03-31;8479000000;6264000000;586000000.0;3983000000.0;3437000000.0;546000000.0;390000000.0;21540000000.0
2022-06-30;8153000000;5768000000;739000000.0;11390000000.0;7941000000.0;3449000000.0;2628000000.0;22312000000.0
2022-09-30;10201000000;5746000000;872000000.0;18983000000.0;11870000000.0;7113000000.0;5482000000.0;23849000000.0
2022-12-31;10475000000;5513000000;1058000000.0;12513500000.0;7671000000.0;4842500000.0;3752500000.0;24779000000.0
2023-03-31;9184000000;4228000000;1131000000.0;6044000000.0;3472000000.0;2572000000.0;2023000000.0;25447000000.0
2023-06-30;8906000000;3731000000;1355000000.0;11617000000.0;7075000000.0;4542000000.0;3576000000.0;26257000000.0
2023-09-30;10258000000;4225000000;1379000000.0;17829000000.0;10730000000.0;7099000000.0;5606000000.0;27758000000.0
2023-12-31;9935000000;4074000000;1275000000.0;11976000000.0;7291000000.0;4685000000.0;3697500000.0;28090000000.0
2024-03-31;9928000000;4273000000;1154000000.0;6123000000.0;3852000000.0;2271000000.0;1789000000.0;28636000000.0
