timestamp;AssetsCurrent;LiabilitiesCurrent;InventoryNet;Revenues;CostOfGoodsAndServicesSold;OperatingIncomeLoss;NetIncomeLoss;StockholdersEquity
2008-12-31;12894000000;8125000000;1919000000;;;;;16862000000
2009-06-30;13655000000;7461000000;2021000000;11528000000.0;8942000000.0;;1552000000.0;18627000000
2009-09-30;13382000000;7115000000;1967000000;16958000000.0;12848000000.0;;2338000000.0;19355000000
2009-12-31;13650000000;7259000000;1866000000;11278000000.0;8595500000.0;;1505000000.0;19120000000
2010-03-31;13065000000;6754000000;1851000000;5598000000.0;4343000000.0;;672000000.0;19428000000
2010-06-30;12230000000;6776000000;1865000000;11534000000.0;8918000000.0;;1490000000.0;19778000000
2010-09-30;16446000000;10061000000;3941000000;18379000000.0;14297000000.0;;3224000000.0;30898000000
2010-12-31;18098000000;10865000000;3804000000;13547500000.0;14033666666.666666;;2084000000.0;31226000000
2011-03-31;18211000000;10399000000;4092000000;8716000000.0;13770333333.333334;;944000000.0;31414000000
2011-06-30;19942000000;12376000000;4306000000;17112000000.0;13507000000.0;;2283000000.0;31848000000
2011-09-30;21260000000;11307000000;4469000000;26658000000.0;20951000000.0;;3584000000.0;31500000000
2011-12-31;20539000000;10538000000;4700000000;18288000000.0;14381000000.0;;2442500000.0;31263000000
2012-03-31;21292000000;10802000000;5118000000;9918000000.0;7811000000.0;;1301000000.0;32347000000
2012-06-30;21040000000;11526000000;4762000000;20150000000.0;15884000000.0;;2703000000.0;32810000000
2012-09-30;22951000000;11532000000;4921000000;30648000000.0;24124000000.0;;4127000000.0;34204000000
2012-12-31;24156000000;12368000000;4785000000;20609000000.0;16266500000.0;;2693000000.0;34751000000
2013-03-31;23727000000;12771000000;4973000000;10570000000.0;8409000000.0;;1259000000.0;35660000000
2013-06-30;23799000000;12454000000;4955000000;21752000000.0;17118000000.0;;3354000000.0;36909000000
2013-09-30;25093000000;12753000000;4895000000;33360000000.0;26047000000.0;;5068000000.0;37885000000
2013-12-31;26225000000;13525000000;4603000000;22299500000.0;17396000000.0;;3330000000.0;39469000000
2014-03-31;25353000000;11899000000;4731000000;11239000000.0;8745000000.0;;1592000000.0;40004000000
2014-06-30;25414000000;12251000000;4770000000;23294000000.0;18017000000.0;;3187000000.0;40536000000
2014-09-30;25473000000;12388000000;4702000000;35939000000.0;27708000000.0;;5136000000.0;40505000000
2014-12-31;24694000000;14176000000;4628000000;23093500000.0;17902000000.0;;3055500000.0;37850000000
2015-03-31;23394000000;14572000000;4666000000;10248000000.0;8096000000.0;1993000000.0;975000000.0;37656000000
2015-06-30;22861000000;13774000000;4581000000;19258000000.0;15231000000.0;3701000000.0;2099000000.0;37965000000
2015-09-30;21532000000;14010000000;4228000000;27731000000.0;22028000000.0;5222000000.0;3088000000.0;37941000000
2015-12-31;26912000000;14121000000;3756000000;17125500000.0;13744000000.0;3061500000.0;1794500000.0;35633000000
2016-03-31;27700000000;12880000000;3612000000;6520000000.0;5460000000.0;901000000.0;501000000.0;35359000000
2016-06-30;27195000000;14609000000;5001000000;13684000000.0;5460000000.0;1648000000.0;-1659000000.0;42610000000
2016-09-30;26425000000;14972000000;4572000000;20703000000.0;5460000000.0;2462000000.0;-1482000000.0;42234000000
2016-12-31;23927000000;15059000000;4225000000;13798500000.0;5460000000.0;1609500000.0;-601500000.0;41078000000
2017-03-31;21883000000;13776000000;4288000000;6894000000.0;5460000000.0;757000000.0;279000000.0;40606000000
2017-06-30;21273000000;13527000000;4338000000;14356000000.0;5460000000.0;1707000000.0;205000000.0;39520000000
2017-09-30;19914000000;13014000000;4308000000;22261000000.0;5460000000.0;2766000000.0;749000000.0;39573000000
2017-12-31;18497000000;15282000000;4046000000;15045000000.0;5460000000.0;1870000000.0;637000000.0;36842000000
2018-03-31;18055000000;16195000000;4174000000;7829000000.0;5460000000.0;974000000.0;525000000.0;36924000000
2018-06-30;16900000000;15066000000;4120000000;7829000000.0;5460000000.0;2068000000.0;955000000.0;36484000000
2018-09-30;16483000000;14600000000;4108000000;7829000000.0;5460000000.0;3220000000.0;1599000000.0;36533000000
2018-12-31;15731000000;13486000000;4010000000;7829000000.0;5460000000.0;2064000000.0;1010000000.0;36162000000
2019-03-31;15773000000;11697000000;4224000000;7829000000.0;5460000000.0;908000000.0;421000000.0;36103000000
2019-06-30;16333000000;11773000000;4389000000;7829000000.0;5460000000.0;1876000000.0;913000000.0;35852000000
2019-09-30;16151000000;12483000000;4341000000;7829000000.0;5460000000.0;2972000000.0;-10470000000.0;23913000000
2019-12-31;15530000000;13098000000;4130000000;7829000000.0;5460000000.0;1874000000.0;-8923000000.0;23760000000
2020-03-31;16266000000;13262000000;4148000000;7829000000.0;5460000000.0;776000000.0;-7376000000.0;15561000000
2020-06-30;14379000000;11665000000;3601000000;7829000000.0;5460000000.0;1172000000.0;-10810000000.0;12040000000
2020-09-30;14215000000;11651000000;3542000000;7829000000.0;5460000000.0;1747000000.0;-10892000000.0;11941000000
2020-12-31;12919000000;10491000000;3354000000;7829000000.0;5460000000.0;1205500000.0;-5296500000.0;12071000000
2021-03-31;12807000000;9873000000;3303000000;7829000000.0;5460000000.0;664000000.0;299000000.0;12543000000
2021-06-30;12077000000;8784000000;3267000000;7829000000.0;5460000000.0;1471000000.0;730000000.0;12762000000
2021-09-30;12387000000;9735000000;3296000000;7829000000.0;5460000000.0;2379000000.0;1280000000.0;13362000000
2021-12-31;12654000000;10359000000;3272000000;7829000000.0;5460000000.0;1636500000.0;895000000.0;15004000000
2022-03-31;13253000000;10696000000;3719000000;7829000000.0;5460000000.0;894000000.0;510000000.0;15347000000
2022-06-30;14316000000;10583000000;3968000000;7829000000.0;5460000000.0;2054000000.0;1469000000.0;16325000000
2022-09-30;15611000000;11134000000;4143000000;7829000000.0;5460000000.0;3454000000.0;2377000000.0;17199000000
2022-12-31;15003000000;12018000000;3999000000;7829000000.0;5460000000.0;2422500000.0;1655500000.0;17685000000
2023-03-31;15400000000;12252000000;4286000000;7829000000.0;5460000000.0;1391000000.0;934000000.0;18068000000
2023-06-30;16154000000;12163000000;4360000000;7829000000.0;5460000000.0;2972000000.0;1967000000.0;18608000000
2023-09-30;17038000000;12528000000;4305000000;7829000000.0;5460000000.0;4655000000.0;3091000000.0;19386000000
2023-12-31;17718000000;13395000000;4387000000;7829000000.0;5460000000.0;3152000000.0;2079500000.0;20189000000
2024-03-31;17700000000;12879000000;4549000000;7829000000.0;5460000000.0;1649000000.0;1068000000.0;20736000000
