timestamp;AssetsCurrent;LiabilitiesCurrent;InventoryNet;Revenues;CostsAndExpenses;NetIncomeLoss;StockholdersEquity
2008-12-31;72266000000.0;49100000000.0;;;;;112965000000
2009-06-30;59496000000.0;51614000000.0;;;123118000000.0;8500000000.0;106592000000
2009-09-30;57324000000.0;52933000000.0;;;196174000000.0;13230000000.0;107265000000
2009-12-31;55235000000.0;52061000000.0;;;137178500000.0;9765000000.0;110569000000
2010-03-31;61696000000.0;57744000000.0;;;78183000000.0;6300000000.0;112541000000
2010-06-30;62216000000.0;57821000000.0;;;157963000000.0;13860000000.0;140172000000
2010-09-30;62633000000.0;61740000000.0;;;240403000000.0;21210000000.0;145031000000
2010-12-31;58984000000.0;62633000000.0;12976000000.0;;167745000000.0;15930000000.0;146839000000
2011-03-31;72022000000.0;73576000000.0;16262000000.0;;95087000000.0;10650000000.0;151480000000
2011-06-30;72305000000.0;74533000000.0;19048000000.0;;201954000000.0;21330000000.0;155551000000
2011-09-30;69376000000.0;74971000000.0;16730000000.0;;308604000000.0;31660000000.0;155939000000
2011-12-31;72963000000.0;77505000000.0;15024000000.0;;207571000000.0;20555000000.0;154396000000
2012-03-31;76160000000.0;79994000000.0;14749000000.0;;106538000000.0;9450000000.0;157012000000
2012-06-01;74478500000.0;75065000000.0;14953500000.0;;157124000000.0;17405000000.0;-256000000
2012-06-30;72797000000.0;70136000000.0;15158000000.0;;207710000000.0;25360000000.0;162811000000
2012-09-30;72138000000.0;70061000000.0;15158000000.0;;306096000000.0;34930000000.0;166713000000
2012-12-31;64460000000.0;64139000000.0;15158000000.0;;199432500000.0;22215000000.0;165863000000
2013-03-31;62594000000.0;70084000000.0;15158000000.0;;92769000000.0;9500000000.0;167001000000
2013-06-30;62844000000.0;72688000000.0;15158000000.0;;186470000000.0;16360000000.0;165647000000
2013-09-30;61303000000.0;72749000000.0;15158000000.0;;284400000000.0;24230000000.0;169245000000
2013-12-31;59308000000.0;71724000000.0;15158000000.0;;187973000000.0;16665000000.0;174003000000
2014-03-31;61864000000.0;70108000000.0;15158000000.0;;91546000000.0;9100000000.0;176398000000
2014-06-30;64013000000.0;69529000000.0;15158000000.0;;189042000000.0;17880000000.0;181155000000
2014-09-30;58595000000.0;65984000000.0;15158000000.0;;283122000000.0;25950000000.0;180587000000
2014-12-31;52910000000.0;64633000000.0;15158000000.0;;172052500000.0;15445000000.0;174399000000
2015-03-31;50658000000.0;55933000000.0;15158000000.0;;60983000000.0;4940000000.0;171227000000
2015-06-30;51647000000.0;58372000000.0;15158000000.0;;128142000000.0;9130000000.0;172668000000
2015-09-30;47234000000.0;54828000000.0;15158000000.0;;189737000000.0;13370000000.0;170723000000
2015-12-31;42623000000.0;53976000000.0;15158000000.0;;118357000000.0;7590000000.0;170811000000
2016-03-31;44251000000.0;48726000000.0;15158000000.0;;46977000000.0;1810000000.0;172187000000
2016-06-30;45828000000.0;51504000000.0;15158000000.0;;102275000000.0;3510000000.0;170591000000
2016-09-30;42945000000.0;50021000000.0;15158000000.0;;157726000000.0;6160000000.0;170597000000
2016-12-31;41416000000.0;47638000000.0;15158000000.0;;107547500000.0;5085000000.0;167325000000
2017-03-31;43131000000.0;53374000000.0;15158000000.0;56474000000.0;57369000000.0;4010000000.0;177151000000
2017-06-30;42180000000.0;50949000000.0;15158000000.0;112500000000.0;116089000000.0;7360000000.0;179178000000
2017-09-30;45752000000.0;53777000000.0;15158000000.0;171850000000.0;176671000000.0;11330000000.0;182276000000
2017-12-31;47134000000.0;57771000000.0;15158000000.0;118643000000.0;118821000000.0;7990000000.0;187688000000
2018-03-31;48315000000.0;60306000000.0;15158000000.0;65436000000.0;60971000000.0;4650000000.0;188195000000
2018-06-30;50555000000.0;62447000000.0;15158000000.0;136892000000.0;127960000000.0;8600000000.0;187222000000
2018-09-30;53975000000.0;65288000000.0;15158000000.0;211079000000.0;195485000000.0;14840000000.0;190365000000
2018-12-31;47973000000.0;57138000000.0;15158000000.0;136362500000.0;127410500000.0;8595000000.0;191794000000
2019-03-31;51576000000.0;66632000000.0;15158000000.0;61646000000.0;59336000000.0;2350000000.0;191222000000
2019-06-30;51743000000.0;70287000000.0;15158000000.0;129137000000.0;123795000000.0;5480000000.0;191377000000
2019-09-30;50008000000.0;64195000000.0;15158000000.0;197765000000.0;184123000000.0;8650000000.0;189915000000
2019-12-31;50052000000.0;63989000000.0;15158000000.0;126961500000.0;120269500000.0;4020000000.0;191650000000
2020-03-31;50249000000.0;64773000000.0;15158000000.0;56158000000.0;56416000000.0;-610000000.0;182079000000
2020-06-30;53016000000.0;57270000000.0;15158000000.0;88763000000.0;90661000000.0;-1690000000.0;180183000000
2020-09-30;48693000000.0;56468000000.0;15158000000.0;134962000000.0;137232000000.0;-2370000000.0;177400000000
2020-12-31;44893000000.0;56363000000.0;15158000000.0;97054500000.0;96393500000.0;180000000.0;157150000000
2021-03-31;48195000000.0;60150000000.0;15158000000.0;59147000000.0;55555000000.0;2730000000.0;156974000000
2021-06-30;52842000000.0;62238000000.0;15158000000.0;126889000000.0;116990000000.0;7420000000.0;158571000000
2021-09-30;55555000000.0;61856000000.0;15158000000.0;200675000000.0;181170000000.0;14170000000.0;160589000000
2021-12-31;59154000000.0;56643000000.0;15158000000.0;145587500000.0;131557000000.0;9825000000.0;168577000000
2022-03-31;77255000000.0;72059000000.0;15158000000.0;90500000000.0;81944000000.0;5480000000.0;169215000000
2022-06-30;93163000000.0;80110000000.0;15158000000.0;206181000000.0;172692000000.0;23330000000.0;177316000000
2022-09-30;99289000000.0;74057000000.0;15158000000.0;318251000000.0;259340000000.0;42990000000.0;186100000000
2022-12-31;97631000000.0;69045000000.0;15158000000.0;202407500000.0;164550500000.0;27210000000.0;195049000000
2023-03-31;97224000000.0;66666000000.0;15158000000.0;86564000000.0;69761000000.0;11430000000.0;198685000000
2023-06-30;91760000000.0;61815000000.0;15158000000.0;169478000000.0;141019000000.0;19310000000.0;199046000000
2023-09-30;101142000000.0;71186000000.0;15158000000.0;260238000000.0;218080000000.0;28380000000.0;199703000000
2023-12-31;96609000000.0;65316000000.0;15158000000.0;171660500000.0;144397000000.0;18300000000.0;204802000000
2024-03-31;99377000000.0;71921000000.0;15158000000.0;83083000000.0;70714000000.0;8220000000.0;205250000000
